## ListNet
## Epochs = 1500
## No. of features = 16
1 2 3 4 5 6 7 8 9 10 11 12 13 14 15 16
0
0 0 -0.0021507522211488164
0 1 0.002708414098314813
0 2 0.002458213816115598
0 3 -8.799278837414772E-5
0 4 0.0011622863561019847
0 5 0.004662761279003
0 6 -0.010805416650989793
0 7 -0.07272088527696334
0 8 0.017199129282737237
0 9 0.04521222230911057
0 10 -0.050690360930710034
0 11 0.10318238233804092
0 12 0.08341434626436177
0 13 0.05204068018853302
0 14 0.08415520766789873
0 15 -0.006304498755340457
0 16 -0.03853704407811165
