## RankNet
## Epochs = 100
## No. of features = 16
## No. of hidden layers = 1
## Layer 1: 10 neurons
1 2 3 4 5 6 7 8 9 10 11 12 13 14 15 16
1
10
0 0 88884.0315273491 -17218.867358865045 -17134.73145620916 -18427.974771459547 85096.02454152337 -23303.12091766925 -21237.713447391932 131521.30419446583 88301.71516441798 -15290.1641600981
0 1 4240.0309652888 -820.9480168089173 -816.8599725166474 -878.5911102441257 4059.316799876918 -1111.1648441388072 -1012.7142373364945 6274.1120569325985 4212.409716985491 -728.8260616393725
0 2 4598.321725843323 -890.3865351278879 -885.9816293529375 -952.5921002895727 4402.799659777633 -1203.9081057432927 -1097.566486843197 6800.19884462232 4568.306237870115 -790.776394053904
0 3 27917.810004719762 -5411.103222296339 -5384.555077900016 -5791.447533890202 26726.74688678522 -7325.306935856188 -6675.487942763131 41321.61230370802 27734.385457331453 -4804.124179717754
0 4 441.872191689735 -85.69490620076523 -85.12049425360883 -91.55622774109403 423.136223064959 -115.93849897626046 -105.5893789482536 653.7570636988053 439.0291759837723 -76.07892486930655
0 5 179.76808570035465 -35.03442707115181 -34.8062284388851 -37.4986288506805 171.9497246276442 -47.386780042938085 -43.199107992654255 266.1857456893925 178.4587980804625 -31.10886980249319
0 6 280504.1829351058 -54420.582377256425 -54152.08932916136 -58254.30858733526 268513.3387823523 -73703.84488826232 -67157.0577579194 415379.44788895315 278652.34499523265 -48301.9486615273
0 7 -3239.4090559161664 100.4927730707725 100.03770357488939 106.86142410870379 -3114.0128080208874 132.35158697834487 121.56452753517091 -4754.0083306390525 -3224.815496557617 90.30765485937208
0 8 287.0215544859417 -55.57384767555652 -55.36870751780147 -59.57945385457329 274.846420763659 -75.39393456116582 -68.6345639839851 424.7346065926276 285.1813371031707 -49.33959372006966
0 9 7.9728144206248 -1.5385875587553597 -1.595535643066418 -1.5818152506009922 7.599674863540913 -2.0998095114981137 -1.8822303976108454 11.947226555236634 8.00420774440129 -1.3823760366605162
0 10 -2.029943815504215 0.3366814620844408 0.4252206447600103 0.4516535679706787 -1.887066237969539 0.5958729472936789 0.47306663585134057 -3.0307404658508257 -1.9901776550135422 0.3729352567931749
0 11 -1.766483299502598 0.31895389698403476 0.37673908713086235 0.3174190298445747 -1.7208802718221006 0.399838440525479 0.4526532780788468 -2.557125375177226 -1.6525543208328417 0.31599118571468116
0 12 1.4013531298393396 -0.3482139593750409 -0.3429897079577855 -0.2637751619626895 1.4020875749929151 -0.3190039697270547 -0.24579035570262772 1.9303867760926723 1.4160256944473812 -0.2538984709127656
0 13 8.691042807487328 -1.647256967896573 -1.6291689891514383 -1.8667891877767564 8.20153484207431 -2.3665664809089244 -2.0308424856832783 12.87470956466755 8.518412075058674 -1.4467923005759684
0 14 -2.2022800132270843 0.45086591445272867 0.3643987179345015 0.5371066416921557 -2.116061916087158 0.6327596996269441 0.4776424305861508 -3.4278232297092655 -2.1641334390611977 0.3079085125273445
0 15 5.130304693906109 -0.9275822537724682 -0.9197752835075698 -1.1247832757413678 4.985362479223879 -1.4205098870919717 -1.15438359073802 7.691514156558188 5.122006200291076 -0.8038055402221433
0 16 -0.12341531880075737 -0.00992320435900622 -0.02825575200060649 0.0061597835852140945 -0.27849762632832076 0.061421363580776454 0.09305062254371041 -0.3023059469005538 -0.2792112658059805 -0.0356645556257426 -0.3859102590884173
1 0 1.8970347320623726
1 1 -0.29021635252935774
1 2 -0.2897485596841793
1 3 -0.29706504762272057
1 4 1.867618155759243
1 5 -0.3276609489607816
1 6 -0.31428546655099693
1 7 2.3206077504790645
1 8 1.897757150587914
1 9 -0.28054972221894686
